COMPANY NAME:WIPRO	
MEAN:462.0519774011299	
MEDIAN:441.95	
VARIANCE:7139.611737413532	
STD:84.49622321390189	
